2 0.21015625 0.8484375 0.0625 0.0921875
2 0.2421875 0.88515625 0.0734375 0.0859375
2 0.246875 0.80390625 0.0828125 0.0953125
8 0.16171875 0.859375 0.07421875 0.27890625
8 0.1109375 0.8625 0.0640625 0.24140625
8 0.41875 0.3703125 0.03203125 0.325
8 0.43828125 0.39765625 0.040625 0.246875
71 0.5609375 0.2859375 0.0421875 0.17109375
71 0.7984375 0.26484375 0.0671875 0.18203125
71 0.8609375 0.18359375 0.05625 0.09765625
51 0.81171875 0.82421875 0.13046875 0.3484375
34 0.43203125 0.65625 0.03125 0.06875
34 0.45546875 0.6546875 0.03125 0.06328125
34 0.49921875 0.66953125 0.02890625 0.06796875
47 0.6875 0.8296875 0.03984375 0.08359375
51 0.90234375 0.83359375 0.1015625 0.3328125