18 0.25 0.26875 0.1578125 0.08984375
18 0.24765625 0.1859375 0.15234375 0.0734375
18 0.12421875 0.44921875 0.21484375 0.0796875
18 0.13203125 0.3640625 0.215625 0.10390625
18 0.6453125 0.40859375 0.22734375 0.0859375
9 0.4875 0.209375 0.0921875 0.171875
40 0.55859375 0.15390625 0.1015625 0.29375
40 0.65859375 0.15859375 0.11875 0.2609375
13 0.31796875 0.42109375 0.13125 0.0546875
37 0.44375 0.4265625 0.1484375 0.13984375
38 0.8484375 0.40546875 0.17109375 0.08828125
33 0.3234375 0.90546875 0.10546875 0.0875
33 0.40859375 0.90234375 0.08984375 0.0828125
0 0.58828125 0.91875 0.07734375 0.053125
0 0.69453125 0.9203125 0.0859375 0.05625
0 0.78046875 0.91328125 0.0828125 0.06015625
0 0.865625 0.90546875 0.1 0.07109375
25 0.734375 0.85546875 0.37578125 0.07578125