71 0.31875 0.1828125 0.046875 0.2359375
71 0.353125 0.15703125 0.03984375 0.24921875
71 0.4953125 0.1859375 0.040625 0.2171875
59 0.62265625 0.18046875 0.05859375 0.20546875
71 0.02578125 0.171875 0.0515625 0.26875
71 0.840625 0.1265625 0.05390625 0.20390625
71 0.93359375 0.8421875 0.06640625 0.28203125
47 0.528125 0.6203125 0.05546875 0.11328125
47 0.5796875 0.62734375 0.08125 0.10234375
47 0.56796875 0.55078125 0.0828125 0.10390625
55 0.38046875 0.5703125 0.04765625 0.0875
55 0.41875 0.59765625 0.04375 0.08203125
55 0.446875 0.5765625 0.05078125 0.084375
0 0.60703125 0.82734375 0.05078125 0.078125
0 0.65859375 0.8328125 0.0578125 0.0734375
34 0.284375 0.45390625 0.13203125 0.0640625
84 0.60234375 0.40625 0.090625 0.17421875
71 0.6625 0.415625 0.0609375 0.16796875
19 0.72890625 0.44609375 0.06796875 0.09375