15 0.73359375 0.3578125 0.07578125 0.21640625
15 0.784375 0.353125 0.0640625 0.2109375
15 0.83984375 0.39140625 0.075 0.1765625
15 0.62578125 0.8265625 0.12109375 0.0890625
15 0.6265625 0.74765625 0.12578125 0.0796875
15 0.628125 0.68203125 0.1265625 0.08515625
15 0.63671875 0.60625 0.11328125 0.08203125
15 0.640625 0.53515625 0.13203125 0.090625
15 0.63359375 0.47265625 0.12421875 0.09140625
15 0.63359375 0.3921875 0.14375 0.0828125
15 0.64140625 0.31171875 0.128125 0.06015625
51 0.82578125 0.79140625 0.12578125 0.29296875
34 0.41875 0.59765625 0.215625 0.06484375
0 0.3984375 0.55 0.08125 0.07578125
0 0.4703125 0.53515625 0.10546875 0.06953125
5 0.22734375 0.59375 0.1859375 0.12890625
61 0.18671875 0.35390625 0.109375 0.2296875
71 0.29609375 0.3953125 0.08671875 0.175
71 0.3765625 0.40390625 0.0953125 0.13203125
71 0.45546875 0.3890625 0.08828125 0.175
57 0.18125 0.8046875 0.09375 0.128125
55 0.25546875 0.796875 0.084375 0.08359375
0 0.18359375 0.70234375 0.08046875 0.07109375
55 0.2609375 0.7140625 0.0921875 0.0734375
10 0.44765625 0.71328125 0.1421875 0.10078125
47 0.4859375 0.803125 0.053125 0.06640625
81 0.32890625 0.8046875 0.075 0.071875