42 0.2671875 0.6125 0.1375 0.1734375
33 0.45 0.74921875 0.12421875 0.20234375
33 0.4109375 0.8984375 0.13046875 0.203125
0 0.2921875 0.82421875 0.10625 0.1828125
32 0.1828125 0.9265625 0.22109375 0.146875
2 0.678125 0.1578125 0.1515625 0.18828125
33 0.6609375 0.68984375 0.15 0.1953125
31 0.64296875 0.8390625 0.08203125 0.15
7 0.8234375 0.7828125 0.20234375 0.32578125
42 0.06171875 0.6828125 0.10234375 0.22265625
5 0.0375 0.284375 0.0609375 0.09609375
19 0.73203125 0.34453125 0.16015625 0.17421875
23 0.821875 0.0453125 0.1546875 0.0796875
0 0.38203125 0.5546875 0.10859375 0.1421875
14 0.421875 0.071875 0.09921875 0.128125
36 0.22578125 0.2078125 0.08671875 0.10703125
16 0.9640625 0.18828125 0.071875 0.21171875
40 0.8796875 0.5203125 0.17578125 0.2453125