35 0.7125 0.29765625 0.24296875 0.29140625
57 0.7703125 0.084375 0.175 0.16875
81 0.9203125 0.42578125 0.1125 0.12890625
81 0.83359375 0.3546875 0.1171875 0.1625
81 0.77734375 0.46015625 0.12890625 0.13984375
81 0.86015625 0.5171875 0.09296875 0.1453125
81 0.778125 0.6046875 0.09453125 0.16171875
38 0.66171875 0.525 0.1453125 0.1421875
0 0.39453125 0.64765625 0.1546875 0.22421875
0 0.50546875 0.74765625 0.14765625 0.20625
57 0.26328125 0.8328125 0.240625 0.28359375
10 0.1375 0.5765625 0.275 0.309375
11 0.2921875 0.58828125 0.07734375 0.078125
47 0.5796875 0.9046875 0.1625 0.1609375
16 0.32265625 0.40390625 0.1046875 0.325
16 0.24921875 0.3546875 0.1296875 0.3109375
16 0.37265625 0.3921875 0.059375 0.359375
57 0.6671875 0.753125 0.14453125 0.05703125
57 0.5671875 0.590625 0.14765625 0.17890625
57 0.49609375 0.41015625 0.18515625 0.2296875
57 0.6484375 0.06484375 0.134375 0.1296875
48 0.4546875 0.14921875 0.25234375 0.28046875